$SPEC_ID:
No sample description was entered.
$SPEC_REM:
DET# 1
DETDESC# keV
AP# GammaVision Version 6.01
$DATE_MEA:
12/16/2016 11:56:49
$MEAS_TIM:
599 637
$DATA:
0 1023
       0
       0
       0
       0
       0
       0
       0
       0
       0
       0
       0
       0
     702
    1327
    2042
    2252
    1821
    1680
    1682
    2018
    1965
    1710
    1154
     716
     523
     576
     614
     809
     997
    1337
    1833
    3025
    4861
    7358
    9165
    8747
    6416
    3907
    2273
    1673
    1471
    1498
    1616
    1589
    1514
    1500
    1499
    1493
    1463
    1514
    1451
    1409
    1373
    1340
    1335
    1361
    1365
    1267
    1283
    1243
    1218
    1222
    1157
    1144
    1164
    1180
    1123
    1071
    1107
    1019
    1067
     958
     974
    1007
     902
     908
     936
     897
     881
     831
     769
     795
     731
     791
     772
     721
     740
     684
     700
     667
     636
     636
     583
     638
     652
     617
     583
     551
     562
     539
     547
     520
     522
     510
     518
     514
     452
     542
     472
     480
     505
     489
     482
     449
     458
     409
     441
     396
     426
     357
     406
     325
     369
     303
     335
     298
     298
     306
     275
     290
     282
     291
     280
     287
     265
     303
     267
     265
     228
     260
     232
     258
     215
     241
     217
     212
     198
     209
     182
     200
     207
     201
     211
     176
     166
     208
     192
     175
     195
     178
     185
     189
     196
     170
     167
     173
     133
     165
     164
     142
     142
     154
     137
     101
      94
     108
     117
     119
     122
     131
     101
     115
     100
     108
     112
      92
      90
     117
      87
     104
     102
     106
      93
      95
      89
      90
      78
      86
      91
      85
      91
     102
      90
      86
      98
      79
      76
     105
      94
      76
      68
      75
      73
      70
      81
      83
      86
      70
      83
      79
      85
      89
      60
      76
      71
      79
      84
      83
      70
      63
      59
      73
      68
      81
      83
      63
      69
      70
      65
      58
      55
      68
      66
      50
      57
      56
      60
      60
      62
      64
      55
      48
      63
      69
      40
      75
      55
      63
      58
      70
      68
      67
      71
      58
      69
      67
      69
      69
      68
      76
      71
      66
      68
      73
      60
      51
      61
      55
      58
      65
      61
      60
      30
      48
      49
      50
      44
      48
      49
      34
      44
      41
      40
      47
      28
      32
      32
      41
      45
      36
      38
      35
      32
      40
      33
      30
      29
      30
      32
      28
      26
      29
      36
      50
      29
      24
      36
      38
      40
      37
      34
      37
      33
      29
      40
      32
      35
      43
      43
      29
      37
      37
      35
      39
      36
      44
      31
      37
      37
      40
      33
      38
      31
      22
      18
      32
      32
      36
      31
      42
      21
      30
      37
      29
      22
      30
      32
      28
      28
      29
      21
      25
      25
      21
      23
      32
      25
      21
      32
      23
      30
      24
      19
      23
      32
      27
      18
      34
      24
      19
      24
      29
      27
      26
      23
      27
      24
      33
      23
      34
      26
      22
      26
      20
      27
      26
      24
      44
      40
      25
      31
      35
      36
      35
      24
      23
      29
      33
      29
      30
      21
      33
      26
      25
      15
      33
      32
      30
      26
      28
      20
      28
      27
      17
      21
      20
      15
      25
      24
      22
      25
      18
      23
      26
      23
      23
      29
      23
      23
      25
      26
      17
      18
      21
      22
      22
      18
      23
      21
      16
      23
      20
      15
      13
      22
      24
      13
      21
      21
      22
      15
      29
      17
      14
      20
      18
      19
      16
      14
      23
      27
      21
      18
      21
      18
      22
      26
      22
      29
      16
      15
      27
      23
      26
      23
      21
      22
      20
      13
      27
      19
      19
      17
      21
      10
      15
      15
      12
      19
      20
      18
      22
      24
      16
      18
      24
      22
      20
      21
      22
      13
      15
      16
      16
      12
      15
      13
      19
      21
      14
      22
      18
      10
      14
       7
      31
       8
      14
      12
      16
      12
      16
      13
      19
      16
      14
      14
       9
      12
      10
      13
      11
       9
       7
      17
       9
      14
      10
      11
      15
       9
       9
       7
       8
      19
       8
       9
      12
      15
       8
      10
      10
       7
       9
       9
       7
       5
      11
      11
       5
       9
       8
       9
       4
       7
      11
      14
       4
       6
      11
       5
       8
       9
      10
       8
       1
       7
       5
       7
      13
       2
       4
       6
       8
      13
      11
       7
      10
       9
       9
       8
      13
      10
       4
       7
      17
      11
       3
       8
      14
       8
      12
       7
      22
      23
      21
      20
      17
      20
      22
      28
      19
      21
      30
      27
      30
      20
      21
      37
      25
      30
      39
      22
      33
      23
      36
      32
      34
      30
      23
      29
      27
      28
      25
      24
      21
      29
      15
      22
      15
      25
      17
      19
      17
      18
      11
      19
      13
      18
      12
      10
       9
      10
      14
       9
       9
       8
       7
       4
       5
       5
       5
       6
       7
       5
       3
       4
       4
      10
       6
       6
       5
       2
       4
       6
       7
       6
       4
      12
       6
       6
       9
       5
       1
       5
       4
       3
       5
       4
       3
       5
       2
       4
       5
       3
       6
       3
       6
       5
       2
       4
       3
       5
       4
       3
       2
       3
       3
       6
       5
       5
       3
       4
       1
       4
       5
       3
       3
       2
       1
       2
       3
       5
       2
       2
       3
       5
       3
       4
       5
       2
       1
       3
       5
       0
       4
       5
       3
       4
       2
       5
       3
       3
       5
       8
       7
       6
       4
       4
       5
       5
       2
       5
       2
       1
       4
       1
       3
       2
       4
       3
       6
       6
       3
       1
       4
       9
       6
       4
       2
       2
       7
       2
       4
       2
       1
       2
       4
       2
       1
       1
       2
       2
       3
       2
       4
       5
       4
       2
       2
       4
       4
       2
       2
       4
       4
       6
       4
       5
       8
       5
       4
       2
       3
       2
       3
       6
       3
       2
       2
       1
       1
       0
       4
       7
       2
       1
       1
       4
       1
       9
       1
       3
       0
       3
       3
       1
       2
       3
       1
       2
       1
       0
       2
       2
       2
       2
       1
       2
       0
       3
       1
       2
       1
       3
       3
       3
       3
       1
       2
       0
       2
       4
       3
       4
       1
       2
       2
       3
       3
       2
       1
       5
       2
       2
       0
       3
       1
       4
       2
       1
       4
       3
       5
       2
       1
       3
       2
       2
       2
       1
       1
       4
       6
       5
       0
       3
       2
       3
       4
       2
       2
       3
       2
       4
       2
       3
       3
       3
       5
       0
       2
       1
       4
       3
       6
       5
       3
       4
       6
       5
       3
       3
       6
       8
       3
       5
       3
       4
       4
       2
       3
       2
       2
       3
       3
       3
       3
       3
       1
       4
       3
       2
       1
       2
       6
       6
       2
       3
       1
       2
       1
       3
       1
       2
       6
       3
       3
       1
       1
       2
       2
       3
       1
       2
       4
       7
       1
       2
       3
       3
       1
       3
       1
       0
       2
       5
       4
       2
       4
       6
       4
       5
       5
       2
       5
       7
       6
       8
       5
       3
       1
       4
       2
       1
       1
       0
       0
       0
       0
       0
       0
       0
       0
       0
       0
       0
       0
       0
       0
       0
       0
       0
       0
       0
       0
       0
       0
       0
       0
       0
       0
       0
       0
$ROI:
0
$PRESETS:
None
0
0
$ENER_FIT:
-1.343434 2.343434
$MCA_CAL:
3
-1.343434E+000 2.343434E+000 0.000000E+000
$SHAPE_CAL:
3
1.000000E+000 0.000000E+000 0.000000E+000
