SpectrumName : Barium_Szintillator.SPC
XUnit        : keV
YUnit        : 
Length       : 1024
SubSpcNum    : 1
StartSubSpc  : 0
StopSubSpc   : 0
Comment      : 
Realtime     : 617.240
Livetime     : 600.040
Deadtime     : 17.200
FastChannel  : 847826
Starttime    : 16.12.2016 12:12:22
Stoptime     : 16.12.2016 12:22:39
CalibCoeff   : a=0.000000000E+000 b=0.000000000E+000 c=3.035640155E+000 d=-2.350644624E+001
SpectrumText : 0 
ROI        01:   589   674        FF 
ROI        02:   149   183        FF 
ROI        03:   119   148        FF 
ROI        04:    38    50        FF 
ROI        05:    16    26        FF 
ROI        06:    27    34        FF 
0,0,0,0,0,0,0,0
0,0,0,0,1198,1192,1263,1349
1871,5365,18738,44764,64502,62306,39930,17730
7078,2787,1813,1860,2448,3124,3579,3593
3264,2892,2935,3289,3548,3784,4003,4865
6508,9605,13956,17917,19040,16105,11183,6471
3693,2446,2050,1933,1884,1886,1887,1912
2062,2103,2238,2100,2111,1996,1920,1807
1726,1596,1648,1659,1634,1602,1729,1608
1593,1639,1621,1723,1704,1756,1798,1721
1648,1627,1653,1662,1509,1443,1446,1461
1472,1399,1376,1396,1344,1339,1349,1221
1168,1121,1064,1150,1108,1083,1117,1081
979,1064,947,995,898,937,918,867
821,835,789,768,775,746,798,816
894,979,1053,1153,1248,1425,1418,1506
1582,1674,1651,1773,1930,2085,2109,2203
2277,2373,2365,2470,2421,2319,2120,1952
1878,1599,1409,1273,1224,1228,1313,1496
1723,2106,2479,2912,3453,3784,4358,4623
4866,4897,5104,5182,5035,4979,4524,4191
3628,3356,2832,2527,2271,1904,1682,1483
1313,1141,1062,921,819,774,699,547
472,438,355,240,262,224,237,217
168,185,179,163,198,182,202,186
209,182,168,149,176,177,162,132
129,119,116,125,119,79,96,67
86,91,79,64,65,60,72,74
75,73,61,71,70,79,65,70
71,57,69,58,77,82,81,52
65,77,54,58,63,63,61,55
70,59,77,68,46,60,60,61
53,60,80,58,61,77,61,73
76,72,62,83,65,66,54,71
76,68,77,54,59,79,51,58
51,49,43,47,52,45,43,47
56,52,36,45,39,29,44,33
39,32,37,43,31,32,30,42
25,30,48,37,30,40,32,47
34,40,32,25,37,38,25,36
31,34,35,40,36,38,27,35
39,32,32,32,34,31,32,24
27,40,29,34,27,28,32,32
26,32,45,21,38,23,28,26
29,28,28,36,21,17,29,25
41,27,40,28,26,28,27,28
32,36,31,30,22,21,35,23
21,19,22,21,21,18,17,27
18,24,23,23,25,13,26,22
37,21,30,25,30,33,24,21
22,37,33,32,33,31,21,26
31,36,31,48,24,15,20,25
23,28,31,27,24,23,18,29
18,29,26,30,17,21,24,21
20,19,24,19,25,18,28,21
23,18,27,21,20,25,17,15
22,19,22,20,10,20,21,20
14,14,11,22,28,24,23,17
14,11,21,16,19,14,23,21
12,28,24,16,13,16,11,17
26,15,21,23,24,19,17,19
16,11,19,21,16,21,17,17
17,19,14,16,16,22,21,22
17,15,21,18,18,12,20,21
17,10,14,10,17,7,14,18
20,16,11,16,19,14,21,17
13,11,15,10,10,13,10,11
13,12,11,11,15,12,12,17
10,11,6,13,14,9,12,7
15,11,9,11,6,5,9,10
11,7,8,6,5,5,6,10
7,9,8,8,9,6,7,9
8,4,4,6,13,9,5,6
6,4,10,6,7,3,5,5
5,7,4,14,8,7,6,10
9,11,11,6,9,13,10,8
10,14,14,16,16,16,16,16
22,22,19,21,26,26,23,27
23,31,28,21,30,35,20,30
25,32,30,30,31,25,24,35
23,25,25,26,17,25,20,24
24,16,19,17,26,16,16,19
17,14,6,13,10,12,11,13
10,14,9,6,10,3,3,2
4,9,7,2,3,5,3,6
8,4,5,5,5,5,2,7
2,5,9,7,6,1,4,7
4,2,2,4,2,5,4,2
3,2,1,5,2,2,2,2
1,7,2,3,4,4,4,4
2,3,2,1,3,6,1,7
4,4,2,6,2,2,3,4
4,2,4,6,3,4,4,8
4,4,8,6,3,3,4,3
3,3,3,5,3,4,4,5
1,2,8,6,2,5,6,1
4,5,6,1,5,3,1,3
2,4,2,1,6,3,6,5
1,2,4,5,0,4,3,2
4,1,6,3,2,3,0,1
1,3,4,5,2,5,4,1
2,2,6,1,2,2,3,2
0,1,2,3,3,2,3,1
5,0,3,4,1,3,1,4
3,1,3,3,1,1,3,4
3,1,5,2,3,3,3,0
1,3,0,1,4,2,0,3
0,2,0,0,4,3,6,4
3,1,3,1,2,3,1,3
3,3,1,2,3,3,4,3
3,2,3,3,2,4,2,1
4,3,4,2,3,3,3,3
5,1,4,3,1,4,7,6
2,2,5,3,2,3,7,2
4,2,2,2,1,4,4,1
5,2,0,1,5,7,4,3
5,2,2,4,1,3,3,2
8,2,6,4,3,3,1,1
2,4,0,2,2,1,6,3
2,2,2,2,3,3,3,2
6,2,1,3,3,6,3,4
5,3,3,3,5,1,8,1
1,1,2,2,2,3,5,9
5,4,8,2,4,3,3,2
3,2,1,1,0,0,0,0
0,0,0,0,0,0,0,0
0,0,0,0,0,0,0,0
0,0,0,0,0,0,0,0
