$SPEC_ID:
No sample description was entered.
$SPEC_REM:
DET# 1
DETDESC# keV
AP# GammaVision Version 6.01
$DATE_MEA:
12/16/2016 11:42:20
$MEAS_TIM:
599 618
$DATA:
0 1023
       0
       0
       0
       0
       0
       0
       0
       0
       0
       0
       0
       0
    1156
    1256
    1302
    1351
    1393
    1668
    2621
    5954
   10033
   12076
   10247
    6422
    3609
    2242
    1737
    1541
    1669
    1695
    1740
    1765
    1839
    1969
    1965
    2058
    2165
    2245
    2271
    2293
    2423
    2426
    2493
    2407
    2467
    2423
    2385
    2314
    2433
    2256
    2427
    2325
    2229
    2321
    2211
    2199
    2256
    2190
    2197
    2099
    2127
    2149
    2135
    2067
    2080
    2007
    2025
    2037
    1994
    1985
    1907
    1886
    1874
    1833
    1896
    1797
    1796
    1795
    1742
    1837
    1813
    1638
    1715
    1745
    1650
    1745
    1710
    1830
    1728
    1766
    1816
    1765
    1725
    1725
    1724
    1686
    1647
    1602
    1682
    1622
    1617
    1595
    1585
    1499
    1651
    1632
    1548
    1588
    1615
    1622
    1553
    1667
    1592
    1570
    1585
    1635
    1534
    1520
    1517
    1556
    1440
    1427
    1456
    1443
    1527
    1325
    1406
    1302
    1323
    1283
    1344
    1290
    1371
    1327
    1322
    1409
    1265
    1258
    1218
    1312
    1285
    1265
    1227
    1202
    1202
    1199
    1202
    1196
    1185
    1242
    1195
    1141
    1210
    1153
    1153
    1099
    1234
    1221
    1211
    1175
    1118
    1175
    1100
    1158
    1107
    1065
    1087
    1085
    1072
    1091
    1125
    1050
    1072
    1070
    1073
    1061
    1055
    1088
    1065
    1085
    1131
    1115
    1125
    1166
    1095
    1133
    1104
    1143
    1133
    1160
    1114
    1108
    1114
    1119
    1126
    1125
    1133
    1116
    1095
    1004
    1060
    1089
     979
     955
     913
     907
     813
     775
     759
     698
     673
     638
     584
     547
     524
     456
     448
     445
     412
     415
     362
     374
     326
     356
     314
     301
     306
     271
     284
     295
     270
     261
     255
     262
     268
     223
     238
     216
     208
     196
     206
     210
     192
     205
     176
     217
     196
     170
     179
     172
     184
     165
     169
     172
     156
     177
     162
     177
     173
     156
     175
     192
     183
     182
     218
     217
     225
     301
     330
     326
     406
     458
     609
     635
     770
     990
    1142
    1303
    1568
    1855
    2202
    2534
    2819
    3208
    3568
    3771
    4255
    4561
    4914
    5228
    5509
    5673
    5802
    5846
    6051
    5827
    5596
    5444
    5418
    5135
    4658
    4290
    3882
    3528
    3270
    2861
    2478
    2125
    1887
    1525
    1240
    1139
     933
     754
     643
     476
     402
     332
     216
     166
     145
     134
      91
      55
      53
      58
      57
      42
      37
      36
      37
      37
      36
      35
      27
      33
      27
      26
      30
      18
      26
      38
      40
      25
      28
      34
      32
      25
      28
      28
      25
      27
      44
      30
      32
      36
      27
      37
      32
      28
      19
      27
      26
      24
      23
      14
      15
      27
      20
      19
      34
      22
      17
      25
      25
      31
      32
      26
      24
      29
      29
      27
      27
      25
      30
      23
      25
      30
      29
      38
      29
      37
      30
      23
      28
      33
      27
      26
      31
      24
      25
      36
      27
      26
      44
      32
      30
      32
      29
      29
      25
      20
      28
      36
      24
      32
      25
      31
      29
      27
      30
      22
      27
      20
      21
      21
      28
      24
      19
      27
      24
      29
      23
      25
      21
       9
      25
      27
      26
      16
      21
      19
      13
      15
      17
      15
      17
      23
      22
      11
      17
      18
      21
      12
      19
      13
      16
      18
      25
      13
      19
      16
      26
      25
      16
      16
      15
      21
      21
      14
      15
      18
      16
      26
      21
      19
      27
      21
      21
      20
      19
      22
      15
      16
      16
      13
      18
      24
      25
      15
      24
      26
      19
      21
      16
      27
      22
      28
      23
      25
      11
      20
      29
      14
      12
      16
      21
      11
      20
      21
      14
      13
      20
      16
      18
      20
      14
      21
      15
      18
      15
      12
      14
      19
      14
      24
      10
      18
      13
      13
      17
      10
      13
       5
      14
      10
      14
      15
      12
      15
       9
      16
       5
       7
      10
      12
      12
      13
       7
      12
      10
      11
      12
       7
      10
      10
       7
      15
      15
      10
       7
       5
       6
      12
       9
       4
       7
       8
       3
       6
       6
      10
       7
       7
       7
      10
       3
       8
       6
      10
      13
      10
       5
      13
      11
       8
       4
       6
       9
       7
       6
       8
       8
      12
       9
      10
       5
       2
       8
      10
      13
       8
       8
       8
       8
       9
       5
      15
      12
      13
       8
      17
      14
      15
      18
      31
      13
      14
      18
      26
      13
      17
      19
      35
      20
      30
      22
      29
      22
      23
      21
      30
      28
      26
      34
      39
      39
      29
      37
      32
      30
      18
      31
      29
      24
      27
      23
      18
      13
      19
      28
      20
      18
      16
      16
      14
      13
      15
      15
      10
      12
       7
       7
      11
      15
       5
      13
       9
       5
      16
      10
       5
       2
       1
       8
       9
       7
       6
       6
       3
       3
       6
       6
       5
      10
       3
       7
       5
       3
       6
       5
       1
       5
       2
       2
       1
       4
       9
       4
       2
       5
       3
       4
       7
       5
       4
       1
       2
       6
       2
       1
       2
       7
       4
       5
       6
       6
       1
       5
       5
       1
       6
       3
       4
       3
       5
       2
       4
       2
       3
       4
       1
       4
       2
       2
       3
       5
       4
       4
       4
       4
       3
       4
       2
       6
       3
       5
       6
       5
       2
       3
       2
       6
       2
       5
       7
       4
       2
       1
       2
       6
       2
       8
       3
       6
       4
       4
       5
       5
       2
       5
       6
       6
       5
       4
       4
       3
       2
       4
       4
       2
       2
       7
      11
       2
       2
       4
       6
       1
       3
       2
       1
       1
       1
       3
       3
       2
       0
       4
       2
       4
       2
       3
       0
       1
       2
       5
       5
       2
       5
       3
       2
       2
       1
       6
       0
       3
       4
       3
       7
       3
       4
       3
       1
       0
       3
       2
       4
       1
       0
       3
       3
       0
       2
       2
       1
       1
       3
       1
       2
       5
       2
       2
       3
       2
       6
       4
       1
       5
       1
       2
       3
       3
       3
       1
       1
       3
       3
       2
       0
       3
       4
       1
       1
       4
       1
       1
       4
       1
       0
       3
       2
       0
       3
       3
       2
       1
       2
       2
       2
       2
       1
       2
       2
       1
       2
       1
       4
       2
       1
       2
       1
       1
       2
       1
       0
       2
       2
       1
       3
       3
       2
       5
       4
       4
       4
       2
       0
       1
       4
       1
       1
       5
       3
       1
       4
       5
       2
       2
       2
       5
       5
       5
       6
       3
       2
       4
       3
      11
       3
       4
       0
       2
       4
       3
       5
       4
       1
       2
       2
       3
       5
       4
       3
       5
       2
       4
       4
       8
       2
       3
       3
       2
       4
       1
       5
       5
       3
       3
       3
       2
       3
      10
       4
       5
       2
       2
       4
       4
       1
       4
       1
       4
       2
       2
       2
       4
       3
       3
       1
       3
       1
       5
       5
       5
       4
       1
       1
       3
       6
       6
       3
       5
       1
       2
       0
       0
       0
       0
       0
       0
       0
       0
       0
       0
       0
       0
       0
       0
       0
       0
       0
       0
       0
       0
       0
       0
       0
       0
       0
       0
       0
       0
       0
$ROI:
0
$PRESETS:
None
0
0
$ENER_FIT:
-1.343434 2.343434
$MCA_CAL:
3
-1.343434E+000 2.343434E+000 0.000000E+000
$SHAPE_CAL:
3
1.000000E+000 0.000000E+000 0.000000E+000
