$SPEC_ID:
No sample description was entered.
$SPEC_REM:
DET# 1
DETDESC# keV
AP# GammaVision Version 6.01
$DATE_MEA:
12/16/2016 14:02:28
$MEAS_TIM:
599 647
$DATA:
0 1023
       0
       0
       0
       0
       0
       0
       0
       0
       0
       0
       0
       0
     319
     304
     344
     355
     390
     385
     427
     487
     500
     504
     499
     577
     511
     552
     618
     646
     745
     762
     823
     924
     943
    1113
    1258
    1292
    1362
    1414
    1443
    1509
    1592
    1569
    1684
    1615
    1673
    1569
    1710
    1603
    1567
    1600
    1647
    1593
    1567
    1471
    1473
    1392
    1454
    1395
    1453
    1365
    1280
    1347
    1280
    1288
    1318
    1217
    1155
    1178
    1214
    1176
    1055
    1132
    1092
    1107
    1021
    1006
    1018
     915
     940
     923
     887
     899
     893
     814
     828
     841
     793
     803
     782
     771
     765
     693
     717
     696
     685
     748
     636
     664
     687
     685
     626
     664
     598
     670
     612
     645
     648
     620
     630
     645
     644
     570
     593
     583
     506
     494
     498
     506
     495
     449
     467
     426
     439
     424
     408
     407
     406
     394
     414
     424
     408
     379
     391
     368
     371
     358
     361
     352
     339
     347
     359
     323
     350
     347
     311
     266
     325
     319
     302
     308
     296
     307
     317
     302
     308
     284
     251
     293
     274
     287
     274
     272
     286
     255
     264
     245
     268
     249
     233
     208
     249
     216
     202
     237
     196
     212
     175
     220
     223
     209
     222
     212
     201
     185
     189
     201
     210
     198
     192
     184
     201
     195
     181
     182
     189
     193
     179
     187
     171
     187
     171
     163
     183
     162
     152
     184
     170
     152
     186
     159
     152
     185
     162
     167
     163
     160
     144
     172
     185
     176
     154
     159
     165
     144
     165
     159
     172
     151
     142
     165
     144
     145
     152
     143
     164
     151
     162
     132
     160
     147
     131
     162
     138
     130
     124
     148
     135
     135
     133
     134
     143
     113
     143
     146
     155
     137
     160
     157
     137
     149
     150
     141
     164
     144
     169
     145
     149
     155
     146
     147
     146
     149
     153
     147
     143
     133
     127
     145
     149
     134
     155
     154
     145
     118
     123
     115
     121
     128
     136
     133
     111
     131
     124
     118
     119
     145
     107
     130
     110
     120
     120
     111
     131
     118
     127
     122
     117
     151
     126
     111
     138
     118
     128
     126
     107
     107
     105
     120
     112
     118
     126
     130
     126
     115
     114
     123
     124
     121
     127
     125
     102
     121
     126
     149
     119
     124
     122
     129
     147
     120
     109
     114
     130
     134
      99
     133
     111
     130
     124
     111
     142
     121
     145
     129
     130
     124
     132
     131
     114
     128
     124
     103
     135
     124
     126
     131
     135
     135
     141
     138
     122
     130
     122
     128
     152
     120
     127
     128
     120
     133
     126
     137
     137
     155
     136
     115
     157
     131
     143
     137
     140
     136
     128
     127
     140
     150
     134
     143
     129
     148
     125
     135
     132
     108
     142
     122
     129
     116
     117
     121
     112
     115
     121
     123
     109
     126
     102
     114
     102
      98
      82
     102
     107
      98
     102
      99
      94
     103
     109
     103
      86
     116
      93
      78
      86
      90
      98
      74
      84
      93
      92
      83
      89
      96
      88
      86
      83
      82
      79
      77
      84
      67
      93
      72
      82
      77
      77
      69
      84
      75
      87
      81
      90
      71
      86
      80
      66
      75
      70
      65
      67
      60
      72
      57
      70
      48
      62
      77
      62
      65
      68
      85
      77
      85
      70
      81
      89
      87
      98
     115
     118
     115
     124
     124
     137
     141
     172
     188
     204
     209
     213
     212
     215
     231
     232
     238
     244
     236
     241
     236
     229
     260
     266
     248
     242
     208
     246
     202
     196
     177
     186
     169
     171
     136
     148
     140
     118
     119
     118
      91
     109
      59
      82
      83
      75
      65
      56
      54
      50
      54
      32
      37
      35
      33
      33
      42
      24
      39
      38
      44
      51
      51
      53
      54
      45
      59
      78
      64
      77
      86
      85
     115
     113
     111
     123
     126
     142
     140
     154
     150
     162
     167
     159
     191
     192
     158
     199
     176
     193
     172
     185
     192
     187
     170
     147
     172
     139
     139
     142
     119
     137
     118
     130
     111
      77
      86
      83
      88
      74
      66
      68
      52
      49
      51
      42
      43
      45
      25
      25
      40
      35
      34
      33
      29
      33
      29
      21
      28
      23
      29
      28
      27
      27
      27
      29
      28
      22
      29
      35
      33
      29
      44
      26
      39
      42
      34
      33
      30
      40
      35
      25
      26
      24
      21
      29
      18
      23
      33
      16
      18
      18
      15
      12
      16
      12
      10
      15
      12
      17
      13
      13
      10
      18
      12
       7
       5
      12
       6
       5
      14
       4
       6
       5
      10
       8
       4
       3
      10
       7
       6
       3
       9
       6
       3
       7
       8
       5
       5
       4
      12
       3
       5
       2
       8
       9
       2
       9
       4
       5
       4
       4
       5
       4
       7
       3
       7
       5
       5
       8
       2
       2
       4
       1
       5
       6
       7
       5
       5
       2
       7
       6
       6
       4
       9
       2
       3
       5
       4
       5
       4
       2
       0
       5
       2
       5
       8
       2
       5
       5
       4
       5
       5
       4
       2
       6
       6
       4
       6
       2
       5
       8
       6
       2
       2
       6
       4
       5
       4
       4
       5
       3
       5
       5
       5
       5
       5
       5
       6
       4
       6
       2
       2
       6
       0
       3
       8
      10
       5
       6
       5
       3
       9
       4
       3
       5
       2
       8
       3
       6
       4
       4
       5
       4
       3
       5
       5
       4
       5
       4
       3
       4
       2
       5
       5
       3
       5
       3
       2
       4
       7
       1
       3
       6
       3
       1
       4
       2
       3
       3
       2
       3
       3
       6
       3
       1
       2
       2
       1
       3
       3
       2
       1
       2
       6
       2
       5
       2
       3
       2
       6
       2
       3
       2
       1
       5
       5
       0
       1
       4
       3
       2
       3
       4
       5
       5
       3
       1
       7
       5
       3
       5
       4
       2
       4
       3
       2
       2
       4
       1
       2
       5
       4
       4
       1
       6
       2
       5
       2
       5
       4
       5
       4
       1
       2
       3
       3
       3
       5
       7
       2
       0
       2
       0
       4
       1
       1
       2
       3
       5
       8
       3
       3
       4
       3
       6
       4
       4
       1
       4
       3
       2
       5
       6
       2
       3
       8
       6
       6
       5
       5
       3
       3
       5
       3
       4
       6
       1
       3
       4
       6
       4
       4
       4
       2
       5
       5
       5
       3
       8
       4
       7
       9
       3
       7
       7
       5
       6
       0
       4
       8
       4
       4
       3
       2
       8
       6
       7
       5
       4
       6
       7
       5
       4
       3
       5
       2
       4
       4
       3
       5
       3
       6
       4
       2
       4
       4
       4
       4
       8
       8
      10
       6
       6
       7
       6
       6
       4
       6
       3
       3
       4
       4
       5
       0
       0
       0
       0
       0
       0
       0
       0
       0
       0
       0
       0
       0
       0
       0
       0
       0
       0
       0
       0
       0
       0
       0
       0
       0
       0
       0
       0
       0
       0
       0
$ROI:
0
$PRESETS:
None
0
0
$ENER_FIT:
-1.343434 2.343434
$MCA_CAL:
3
-1.343434E+000 2.343434E+000 0.000000E+000
$SHAPE_CAL:
3
1.000000E+000 0.000000E+000 0.000000E+000
